Fundamentals of Telecommunications Networks: 
1, 3, 38, 53, 89, 108, 153 , 2, 31, 42, 60, 68, 103, 145, 172, 194, 226, 258, 308 , 4, 18, 33, 37, 47, 78, 86, 99, 101, 105, 114, 139, 146, 160, 163, 171, 174, 201, 206, 216, 223, 242, 255, 260, 262, 294, 295 , 55, 64, 65, 66, 73, 92, 109, 118, 123, 151, 177, 207, 240, 251, 259, 301, 302 , 91, 104, 154, 203, 210, 225 , 21, 74, 162, 265 , 201

Network Architectures and Layered Models: 
5, 6, 15, 26, 39, 46, 54, 81, 85, 97, 110, 113, 121, 128, 138, 155, 176, 213, 232 , 10 , 126, 261, 292

The Data Link Layer:
28, 29, 35, 36, 44, 49, 119, 142, 144, 219, 263, 267, 287 , 7, 8, 34, 58, 67, 72, 84, 96, 107, 124, 127, 131, 133, 156,161, 197, 198, 212, 220, 231, 245, 247, 252, 257, 271, 276, 278, 280, 299, 313 

MAC Sublayer and Local Area Networks (LANs): 
9, 45, 77, 88, 95, 116, 134, 166, 184,256, 273, 277, 282, 286, 297, 307, 312 , 16, 20, 24, 30, 48, 111, 115, 132, 135, 136, 143, 179, 193, 195, 214, 230, 268, 300 , 19, 51, 82, 129, 147, 148, 190, 238, 272

The Network Layer:
56, 57, 61, 117, 152, 168, 199, 228, 236, 243, 264, 281 , 13, 25, 32, 63, 71, 87, 180, 191, 204, 270, 279, 284, 309, 314 , 50, 52, 93, 102, 112, 125, 130, 164, 178, 186, 187, 233, 244, 269, 274, 285, 304 , 14, 17, 75, 80, 189, 200, 218, 229, 253, 293, 305 , 100, 130, 283

The Transport Layer:
306 , 62, 69, 79, 140, 175, 266 , 11, 12, 22, 27, 70, 137, 141, 182, 196, 205, 211, 239,275 , 40, 94, 98, 106, 122, 149, 150, 165, 167, 170, 173, 183, 192, 209, 215 ,221,  224, 241, 246, 248, 249, 296 , 43,  158


The Application Layer:
41, 76, 120, 159, 169, 188, 202, 227, 303, 310, 311 , 23, 59, 83, 90, 157, 181, 185, 234, 291 , 217, 222, 254, 298, 250 ,   

Exercises:
71,180,204,253,270,279,284,309 , 40,96,167,231,252,257,280,299,313 , 64,65,103,172,174,237,240,255,260,294,295 , 312 , 296

